   8                   :    8     08 00 00 00 00 00 00 00            3      0

   119                 :    8     00 00 00 00 00 00 03 2D            1      0
                       :    8     00 00 00 00 00 00 05 63            1      0
                       :    8     00 00 00 00 00 00 08 E2            1      0
                       :    8     00 00 00 00 00 00 09 FF            2      0
                       :    8     00 00 00 00 00 00 0B C5            1      0
                       :    8     00 00 00 00 00 00 0C 96            2      0
                       :    8     00 00 00 00 00 00 0D 8B            1      0
                       :    8     00 00 00 00 00 01 03 61            2      0
                       :    8     00 00 00 00 00 01 05 2F            2      0
                       :    8     00 00 00 00 00 01 07 15            1      0
                       :    8     00 00 00 00 00 01 09 B3            2      0
                       :    8     00 00 00 00 00 01 0B 89            1      0
                       :    8     00 00 00 00 00 01 0C DA            1      0
                       :    8     00 00 00 00 00 01 0E E0            2      0
                       :    8     00 00 00 00 00 01 0F FD            1      0
                       :    8     00 00 00 00 00 02 00 92            2      0
                       :    8     00 00 00 00 00 02 04 E6            1      0
                       :    8     00 00 00 00 00 02 07 C1            1      0
                       :    8     00 00 00 00 00 02 0E 34            1      0
                       :    8     00 00 00 00 00 02 0F 29            1      0
                       :    8     00 00 00 00 00 03 00 DE            1      0
                       :    8     00 00 00 00 00 03 03 F9            1      0
                       :    8     00 00 00 00 00 03 08 36            1      0
                       :    8     00 00 00 00 00 03 09 2B            3      0
                       :    8     00 00 00 00 00 03 0B 11            2      0
                       :    8     00 00 00 00 00 03 0C 42            1      0
                       :    8     00 00 00 00 00 03 0D 5F            1      0
                       :    8     00 00 00 00 00 04 01 3A            1      0
                       :    8     00 00 00 00 00 04 0D A6            1      0
                       :    8     00 00 00 00 00 05 03 4C            2      0
                       :    8     00 00 00 00 00 05 09 9E            3      0
                       :    8     00 00 00 00 00 05 0A B9            1      0
                       :    8     00 00 00 00 00 05 0B A4            1      0
                       :    8     00 00 00 00 00 05 0C F7            1      0
                       :    8     00 00 00 00 00 05 0D EA            1      0
                       :    8     00 00 00 00 00 05 0F D0            1      0
                       :    8     00 00 00 00 00 06 05 D6            2      0
                       :    8     00 00 00 00 00 06 09 4A            2      0
                       :    8     00 00 00 00 00 06 0B 70            2      0
                       :    8     00 00 00 00 00 06 0D 3E            1      0
                       :    8     00 00 00 00 00 06 0F 04            1      0
                       :    8     00 00 00 00 00 07 01 EE            1      0
                       :    8     00 00 00 00 00 07 03 D4            1      0
                       :    8     00 00 00 00 00 07 05 9A            1      0
                       :    8     00 00 00 00 00 07 06 BD            1      0
                       :    8     00 00 00 00 00 07 0B 3C            1      0
                       :    8     00 00 00 00 00 07 0D 72            1      0
                       :    8     00 00 00 00 00 08 01 4D            4      0
                       :    8     00 00 00 00 00 08 05 39            2      0
                       :    8     00 00 00 00 00 08 06 1E            3      0
                       :    8     00 00 00 00 00 08 07 03            3      0
                       :    8     00 00 00 00 00 08 09 A5            1      0
                       :    8     00 00 00 00 00 08 0A 82            1      0
                       :    8     00 00 00 00 00 08 0B 9F            1      0
                       :    8     00 00 00 00 00 08 0D D1            1      0
                       :    8     00 00 00 00 00 08 0E F6            1      0
                       :    8     00 00 00 00 00 08 0F EB            1      0
                       :    8     00 00 00 00 00 09 00 1C            1      0
                       :    8     00 00 00 00 00 09 01 01            2      0
                       :    8     00 00 00 00 00 09 03 3B            5      0
                       :    8     00 00 00 00 00 09 06 52            1      0
                       :    8     00 00 00 00 00 09 07 4F            2      0
                       :    8     00 00 00 00 00 09 08 F4            1      0
                       :    8     00 00 00 00 00 09 09 E9            1      0
                       :    8     00 00 00 00 00 09 0A CE            1      0
                       :    8     00 00 00 00 00 09 0B D3            2      0
                       :    8     00 00 00 00 00 09 0D 9D            1      0
                       :    8     00 00 00 00 00 09 0E BA            1      0
                       :    8     00 00 00 00 00 0A 01 D5            1      0
                       :    8     00 00 00 00 00 0A 03 EF            2      0
                       :    8     00 00 00 00 00 0A 07 9B            1      0
                       :    8     00 00 00 00 00 0A 0D 49            1      0

   149                 :    8     A3 7F 00 FF 4E 80 0B 43            1      0
                       :    8     A5 7F 00 FF 52 80 09 B8            1      0
                       :    8     AB 7F 00 FF 4F 80 0B 1E            1      0
                       :    8     AE 7F 00 FF 5B 80 03 DC            1      0
                       :    8     B0 7F 00 FF 42 80 01 C5            1      0
                       :    8     B5 7F 00 FF 68 80 09 26            1      0
                       :    8     B6 7F 00 FF 79 80 03 84            1      0
                       :    8     B7 7F 00 FF 69 80 02 DC            1      0
                       :    8     B7 7F 00 FF 69 80 0E 40            1      0
                       :    8     B7 7F 00 FF 6A 80 0D EB            1      0
                       :    8     B9 7F 00 FF 6C 80 0B A1            1      0
                       :    8     BA 7F 00 FF 44 80 02 8F            1      0
                       :    8     BA 7F 00 FF 5C 80 0C 3D            1      0
                       :    8     BA 7F 00 FF 5D 80 07 7D            1      0
                       :    8     BA 7F 00 FF 61 80 05 65            1      0
                       :    8     BA 7F 00 FF 63 80 04 7B            1      0
                       :    8     BA 7F 00 FF 6D 80 08 EE            1      0
                       :    8     BB 7F 00 FF 50 80 0D 77            1      0
                       :    8     BB 7F 00 FF 5D 80 0D F2            1      0
                       :    8     BB 7F 00 FF 5F 80 0C EC            1      0
                       :    8     BB 7F 00 FF 68 80 0A 00            1      0
                       :    8     BD 7F 00 FF 4B 80 0C 21            1      0
                       :    8     BD 7F 00 FF 4E 80 0D B5            1      0
                       :    8     BD 7F 00 FF 54 80 0B EC            1      0
                       :    8     BD 7F 00 FF 56 80 08 C8            1      0
                       :    8     BD 7F 00 FF 5B 80 03 82            1      0
                       :    8     BD 7F 00 FF 64 80 05 62            1      0
                       :    8     BD 7F 00 FF 64 80 06 45            1      0
                       :    8     BD 7F 00 FF 70 80 02 2F            1      0
                       :    8     BD 7F 00 FF 7D 80 05 F9            1      0
                       :    8     BE 7F 00 FF 50 80 00 C2            1      0
                       :    8     BE 7F 00 FF 50 80 0B 0D            1      0
                       :    8     BE 7F 00 FF 50 80 0E 64            1      0
                       :    8     BE 7F 00 FF 51 80 01 50            1      0
                       :    8     BE 7F 00 FF 5E 80 09 3E            1      0
                       :    8     C0 7F 00 FF 3E 80 05 FB            1      0
                       :    8     C0 7F 00 FF 49 80 08 B8            1      0
                       :    8     C0 7F 00 FF 64 80 0B 2A            1      0
                       :    8     C1 7F 00 FF 55 80 00 1F            1      0
                       :    8     C8 7F 00 FF 4B 80 05 E8            1      0
                       :    8     CA 7F 00 FF 66 80 0D 0F            1      0
                       :    8     CA 7F 00 FF 68 80 01 9A            1      0
                       :    8     CB 7F 00 FF 5F 80 00 78            1      0
                       :    8     CB 7F 00 FF 5F 80 06 36            1      0
                       :    8     CE 7F 00 FF 66 80 04 93            1      0

   156                 :    8     00 00 00 00 02 13 15 CD            1      0
                       :    8     00 00 00 00 02 20 10 B1            1      0
                       :    8     00 00 00 00 02 20 15 D8            1      0
                       :    8     00 00 00 00 04 20 14 C0            2      0
                       :    8     00 00 00 00 04 20 1B 7B            1      0
                       :    8     00 00 00 00 04 20 1D 35            1      0
                       :    8     00 00 00 00 04 26 1F BA            1      0
                       :    8     00 00 00 00 06 20 17 E4            1      0
                       :    8     00 00 00 00 06 20 1B 78            1      0
                       :    8     00 00 00 00 06 20 1C 2B            1      0
                       :    8     00 00 00 00 06 22 16 61            1      0
                       :    8     00 00 00 00 06 22 1E 89            1      0
                       :    8     00 00 00 00 06 23 1B AC            1      0
                       :    8     00 00 00 00 06 25 1A 04            1      0
                       :    8     00 00 00 00 06 26 1F B9            1      0
                       :    8     00 00 00 00 06 32 1E 3D            1      0
                       :    8     00 00 00 00 06 33 17 84            1      0
                       :    8     00 00 00 00 08 05 17 F9            1      0
                       :    8     00 00 00 00 08 20 12 84            1      0
                       :    8     00 00 00 00 08 20 1D 3F            1      0
                       :    8     00 00 00 00 08 21 19 07            1      0
                       :    8     00 00 00 00 08 22 14 52            1      0
                       :    8     00 00 00 00 08 22 1E 80            1      0
                       :    8     00 00 00 00 08 24 17 C0            1      0
                       :    8     00 00 00 00 0A 00 18 20            1      0
                       :    8     00 00 00 00 0A 00 1F 73            1      0
                       :    8     00 00 00 00 0A 12 16 AA            1      0
                       :    8     00 00 00 00 0A 20 15 D4            1      0
                       :    8     00 00 00 00 0C 14 15 3D            1      0
                       :    8     00 00 00 00 0C 14 1D D5            1      0
                       :    8     00 00 00 00 0C 20 1C 24            1      0
                       :    8     00 00 00 00 0C 32 1B 5B            1      0
                       :    8     00 00 00 00 0E 21 1A 25            1      0
                       :    8     00 00 00 00 0E 25 13 FD            1      0
                       :    8     00 00 00 00 10 02 13 60            1      0
                       :    8     00 00 00 00 10 28 1A 22            1      0
                       :    8     00 00 00 00 12 21 15 8C            1      0
                       :    8     00 00 00 00 14 13 1F 02            1      0
                       :    8     00 00 00 00 14 20 1A 7E            1      0
                       :    8     00 00 00 00 16 23 18 93            1      0
                       :    8     00 00 00 00 18 08 1B 46            1      0
                       :    8     00 00 00 00 18 21 1F 51            1      0
                       :    8     00 00 00 00 18 24 10 8B            1      0
                       :    8     00 00 00 00 24 00 1F 4A            1      0

   1B6                 :    8     00 C0 FF C0 FF C0 FF 00           44      0

   200                 :    8     00 03 C0 00 C0 00 FF FF           45      0

   208                 :    8     00 20 60 00 C0 00 C0 00           50      0

   210                 :    7     00 00 00 00 00 00 00              32      0
                       :    7     00 00 00 00 80 00 00              30      0

   212                 :    8     00 00 00 00 27 D0 00 00           61      0
                       :    8     00 00 00 00 A7 D0 00 00           59      0

   215                 :    8     00 00 00 00 00 00 00 00           90      0

   231                 :    8     00 00 00 00 00 00 00 00           60      0

   236                 :    8     0F DB 10 00 00 00 00 9C           15      0
                       :    8     0F DB 10 00 10 00 00 84           36      0
                       :    8     0F DB 10 00 20 00 00 AC           15      0
                       :    8     0F DB 10 00 30 00 00 B4           14      0
                       :    8     0F DB 10 00 40 00 00 FC           22      0
                       :    8     0F DB 10 00 50 00 00 E4           37      0
                       :    8     0F DB 10 00 60 00 00 CC           10      0
                       :    8     0F DB 10 00 70 00 00 D4           16      0
                       :    8     0F DB 10 00 80 00 00 5C           19      0
                       :    8     0F DB 10 00 90 00 00 44           28      0
                       :    8     0F DB 10 00 A0 00 00 6C           11      0
                       :    8     0F DB 10 00 B0 00 00 74           15      0
                       :    8     0F DB 10 00 C0 00 00 3C           16      0
                       :    8     0F DB 10 00 D0 00 00 24           31      0
                       :    8     0F DB 10 00 E0 00 00 0C            9      0
                       :    8     0F DB 10 00 F0 00 00 14           14      0

   285                 :    8     07 D0 05 00 7A 00 08 10           25      0
                       :    8     07 D0 05 00 7B 00 08 10           44      0
                       :    8     07 D0 05 00 7C 00 08 10           52      0
                       :    8     07 D0 05 00 7D 00 08 10           81      0
                       :    8     07 D0 05 00 7E 00 08 10          210      0
                       :    8     07 D0 05 00 7F 00 08 10           76      0

   286                 :    8     00 00 00 42 20 00 00 00           10      0
                       :    8     00 00 00 43 20 00 00 00            7      0

   288                 :    8     07 D0 27 10 00 09 11 00           35      0
                       :    8     07 D0 27 10 00 0A 11 00          107      0

   298                 :    8     42 43 4C 42 44 00 27 10            3      0
                       :    8     42 43 4C 43 44 00 27 10            7      0
                       :    8     42 43 4D 42 44 00 27 10            4      0

   29A                 :    8     00 56 46 33 31 4E 5A 4B            5      0
                       :    8     01 59 5A 44 55 38 30 30            9      0
                       :    8     02 32 30 35 FF FF FF FF           13      0

   2F2                 :    3     00 00 03                          27      0

   300                 :    8     00 1B 1F FF 07 D0 FF FF           29      0
                       :    8     00 1B 1F FF 87 D0 FF FF           35      0

   308                 :    8     00 00 00 00 10 00 00 00           91      0

   325                 :    2     01 00                            186      0

   346                 :    8     27 10 34 00 24 00 00 37           46      0
                       :    8     27 10 34 40 24 00 00 37           44      0

   373                 :    8     B6 B6 7F B8 0C 40 00 04            1      0
                       :    8     B6 B6 7F B9 0C 40 00 04           47      0
                       :    8     B6 B6 7F BA 0C 40 00 04          142      0
                       :    8     B6 B6 7F BB 0C 40 00 04          114      0
                       :    8     B6 B6 7F BC 0C 40 00 04           24      0
                       :    8     B6 B6 7F BD 0C 40 00 04            2      0

   374                 :    8     72 76 A6 FE 4A 48 5A 14           22      0

   375                 :    8     0F 0F 00 00 00 00 00 00           14      0

   377                 :    8     04 D2 FF FF 54 4C 4C 00            1      0
                       :    8     04 D7 FF FF 54 4C 4C 00            3      0
                       :    8     04 E2 FF FF 54 4C 4C 00            1      0
                       :    8     04 E5 FF FF 54 4C 4C 00            1      0
                       :    8     04 E6 FF FF 54 4C 4C 00            1      0
                       :    8     04 EB FF FF 54 4C 4C 00            2      0
                       :    8     04 EC FF FF 54 4C 4C 00            1      0
                       :    8     04 EE FF FF 54 4C 4C 00            2      0
                       :    8     04 F0 FF FF 54 4C 4C 00            5      0
                       :    8     04 F3 FF FF 54 4C 4C 00            1      0
                       :    8     04 F4 FF FF 54 4C 4C 00            6      0
                       :    8     04 F6 FF FF 54 4C 4C 00            1      0
                       :    8     04 F7 FF FF 54 4C 4C 00            2      0

   384                 :    8     00 00 00 27 00 68 68 00           32      0
                       :    8     00 00 00 28 00 68 68 00            4      0

   385                 :    8     43 00 00 00 00 00 00 00           21      0

   389                 :    8     00 03 00 56 55 00 01 00            1      0
                       :    8     00 03 00 57 55 00 01 00           10      0
                       :    8     00 03 00 57 56 00 01 00            1      0
                       :    8     00 03 00 58 56 00 01 00           10      0

   38A                 :    8     53 53 00 1A 00 00 00 00           14      0
                       :    8     53 54 00 1A 00 00 00 00           16      0

   39B                 :    8     00 00 1F 04 00 00 00 00           20      0

   3A4                 :    8     07 31 A0 A0 92 66 00 76           13      0
                       :    8     07 31 A0 A0 93 66 00 76           10      0

   408                 :    8     00 00 00 00 00 00 00 00           17      0

   412                 :    8     FE 00 00 0C 0D 00 21 06           16      0

   418                 :    7     50 00 00 00 00 00 00             280      0

   424                 :    8     C3 00 0C 00 E6 0F 03 FF            5      0
                       :    8     C3 00 0C 00 E6 10 03 FF           10      0
                       :    8     C3 00 0C 00 E6 11 03 FF           17      0
                       :    8     C3 00 0C 00 E6 12 03 FF            6      0
                       :    8     C3 00 0C 00 E6 13 03 FF           14      0

   564                 :    8     00 00 04 00 00 00 00 00           54      0

   565                 :    8     00 00 00 00 00 00 00 00           68      0

   5A1                 :    8     00 10 00 40 01 00 04 00           41      0

   695                 :    8     03 F7 00 03 27 09 1E 00            1      0
                       :    8     03 F8 00 03 26 09 19 00            2      0
                       :    8     03 F8 00 03 28 09 19 00            1      0
                       :    8     03 F9 00 03 26 09 19 00            2      0
                       :    8     03 F9 00 03 27 09 19 00            6      0
                       :    8     03 F9 00 03 27 09 1E 00            1      0
                       :    8     03 F9 00 03 28 09 19 00            3      0
                       :    8     03 FA 00 03 27 09 19 00            6      0
                       :    8     03 FA 00 03 27 09 1E 00            3      0
                       :    8     03 FA 00 03 29 09 1E 00            1      0
                       :    8     03 FB 00 03 26 09 19 00            1      0
                       :    8     03 FB 00 03 26 09 1E 00            1      0
                       :    8     03 FB 00 03 27 09 19 00            2      0
                       :    8     03 FB 00 03 28 09 19 00            4      0
                       :    8     03 FC 00 03 27 09 19 00            3      0
                       :    8     03 FC 00 03 27 09 1E 00            1      0
                       :    8     03 FC 00 03 28 09 19 00            1      0
                       :    8     03 FC 00 03 28 09 1E 00            1      0
                       :    8     03 FD 00 03 26 09 19 00            1      0
                       :    8     03 FE 00 03 28 09 19 00            1      0

   696                 :    8     03 D5 01 F2 41 00 27 10            9      0
                       :    8     03 D5 01 F7 41 00 27 10            2      0
                       :    8     03 DA 01 F2 41 00 27 10            2      0
                       :    8     03 DA 01 F7 41 00 27 10            1      0

   697                 :    8     00 00 00 01 50 00 00 00           15      0

   6D0                 :    8     00 00 00 00 00 00 00 00           73      0

   6D1                 :    8     00 00 00 00 00 00 00 00           56      0

   6D2                 :    8     04 00 00 01 00 00 10 00           70      0

   6D3                 :    8     00 00 00 00 00 40 00 40           66      0

   6D4                 :    8     01 00 00 00 00 00 00 00           87      0

   6D5                 :    8     10 00 04 04 00 00 01 00          130      0

   6D6                 :    8     00 00 00 00 00 00 00 00          136      0

   6DA                 :    8     00 00 00 00 00 00 00 00          114      0

   6E1                 :    8     01 00 48 49 01 6C 01 6C            2      0
                       :    8     02 00 49 4A 01 6C 01 6C            2      0
                       :    8     03 00 49 4A 01 6C 01 6C            3      0
                       :    8     06 00 48 48 01 6C 01 6C            2      0
                       :    8     07 00 49 49 01 6C 01 6C            1      0
                       :    8     08 00 49 4A 01 6C 01 6C            3      0
                       :    8     0A 00 49 49 01 6C 01 6C            3      0
                       :    8     0C 00 48 48 01 6C 01 6C            1      0

   6E2                 :    8     01 49 48 01 01 6C 01 6C           21      0
                       :    8     02 49 48 01 01 6C 01 6C            6      0
                       :    8     03 49 48 01 01 6C 01 6C           12      0
                       :    8     04 49 48 01 01 6C 01 6C           16      0
                       :    8     05 49 48 01 01 6C 01 6D            9      0
                       :    8     06 48 00 0F 01 6C 01 6C            6      0
                       :    8     07 49 48 01 01 6C 01 6C           18      0
                       :    8     08 49 48 01 01 6C 01 6C           12      0
                       :    8     09 49 48 01 01 6C 01 6C           11      0
                       :    8     0A 49 48 01 01 6C 01 6C           15      0
                       :    8     0B 49 48 01 01 6C 01 6C            6      0
                       :    8     0B 49 48 01 01 6C 01 6D            1      0
                       :    8     0C 48 00 0F 01 6C 01 6C           10      0

   6E3                 :    8     01 48 48 00 01 6C 01 6C            3      0
                       :    8     02 48 48 00 01 6C 01 6C            1      0
                       :    8     03 48 48 00 01 6C 01 6C            2      0
                       :    8     04 48 48 00 01 6C 01 6C            2      0
                       :    8     05 48 48 00 01 6C 01 6C            1      0
                       :    8     08 48 48 00 01 6C 01 6C            1      0
                       :    8     09 48 48 00 01 6C 01 6C            1      0
                       :    8     0C 00 00 00 00 00 00 00            2      0

   6E4                 :    8     01 00 00 00 01 6C 01 6C            7      0
                       :    8     02 00 00 00 01 6C 01 6C           16      0
                       :    8     03 00 00 00 01 6C 01 6C           11      0
                       :    8     04 00 00 00 01 6C 01 6C            9      0
                       :    8     05 00 00 00 01 6C 01 6C           14      0
                       :    8     06 00 00 00 00 00 00 00            9      0
                       :    8     07 00 00 00 01 6C 01 6C           10      0
                       :    8     08 00 00 00 01 6C 01 6C           14      0
                       :    8     09 00 00 00 01 6C 01 6C           10      0
                       :    8     0A 00 00 00 01 6C 01 6C           14      0
                       :    8     0B 00 00 00 01 6C 01 6C           16      0
                       :    8     0C 00 00 00 00 00 00 00            8      0

   6FA                 :    8     03 00 00 00 00 00 00 00           25      0

   75A                 :    8     03 E8 03 E8 64 64 43 43            6      0

   75B                 :    8     42 00 42 00 04 B5 91 43           31      0

